1
3
5
8
9
10
1
3
6
7
8
9
10
11
13
15
1
2
3
4
7
8
9
10
11
13
15
17
18
1
3
6
7
8
9
10
11
15
1
2
3
4
7
8
9
10
13
17
18
1
2
3
7
8
9
10
11
13
19
1
3
4
8
9
10
11
13
17
21
1
3
4
7
8
9
10
11
13
15
23
1
3
4
7
8
9
10
11
12
13
1
3
4
7
8
9
10
12
13
27
1
3
4
7
8
9
13
15
17
20
1
2
3
4
7
8
9
10
11
17
28
1
3
4
7
8
9
10
11
16
1
3
4
7
8
9
10
11
12
13
14
16
17
26
28
1
3
4
7
8
9
10
11
12
13
15
28
1
3
7
8
9
10
11
13
15
1
2
3
4
6
7
8
9
10
11
13
15
17
18
1
2
3
4
7
8
9
10
11
13
19
20
1
3
4
7
8
9
10
11
13
17
21
1
3
4
7
8
9
10
11
12
13
15
23
1
3
4
7
8
9
10
11
12
13
27
1
3
4
7
8
9
13
14
20
1
2
3
4
7
8
9
10
17
1
2
3
4
5
7
8
9
10
11
28
1
3
4
7
8
9
10
11
16
17
20
1
3
7
8
9
10
11
13
14
16
17
26
1
3
7
8
9
10
11
12
13
17
1
3
6
7
8
9
10
11
13
15
1
2
3
7
8
9
10
11
13
1
2
3
4
7
8
9
13
15
17
18
1
3
7
8
9
10
11
13
19
1
3
4
8
9
11
13
17
21
1
3
7
8
9
10
13
23
1
4
7
8
9
10
11
12
13
1
3
4
7
8
9
10
13
27
1
3
4
7
8
9
13
1
3
4
7
8
9
13
17
20
1
2
4
7
8
9
10
11
28
1
3
7
8
9
10
11
16
1
3
6
7
8
9
11
15
1
2
3
4
8
9
10
13
17
18
1
2
3
7
8
9
10
11
13
19
1
3
4
8
9
10
11
13
20
21
1
3
4
7
8
9
10
13
15
17
21
23
1
3
4
7
8
9
10
11
12
13
1
3
4
7
8
9
10
11
12
13
27
1
3
4
7
8
9
13
20
1
3
4
7
8
9
12
13
17
1
2
3
4
7
8
9
10
11
13
28
1
3
7
8
9
10
11
16
1
3
4
7
8
9
10
11
16
17
1
3
7
8
9
10
11
13
15
1
2
3
4
8
9
13
17
18
1
2
3
4
7
8
9
10
11
13
19
1
3
4
8
9
11
20
21
1
3
4
8
9
10
11
13
17
1
3
7
8
9
10
13
15
23
1
4
7
8
9
11
1
3
4
7
8
9
10
12
13
1
3
8
9
13
14
27
1
3
4
7
8
9
13
17
20
1
2
3
4
7
8
9
10
15
17
1
2
3
4
7
8
9
10
11
28
1
3
7
8
9
11
15
1
2
3
8
9
10
17
18
1
2
4
7
8
9
11
13
1
3
7
8
9
10
13
19
20
1
3
4
8
9
10
11
13
17
21
1
3
7
8
9
10
13
1
3
7
8
9
10
12
13
15
23
1
3
4
7
8
9
10
11
1
3
7
8
9
13
27
1
3
4
7
8
9
13
20
1
3
4
7
8
9
13
17
1
2
3
4
7
8
9
10
11
28
1
3
7
8
9
10
11
13
1
2
3
4
8
9
13
17
18
1
2
3
4
7
8
9
10
11
13
15
19
1
3
4
8
9
11
13
20
21
1
3
4
7
8
9
10
13
17
21
1
7
8
9
10
13
15
23
1
4
7
8
9
10
11
1
3
4
7
8
9
10
11
13
1
3
4
8
9
12
13
27
1
3
4
7
8
9
13
17
20
1
3
7
8
9
17
1
2
4
7
8
9
10
11
28
1
3
4
7
8
9
10
11
12
13
14
17
26
1
3
7
8
9
10
11
12
15
28
1
3
4
6
7
8
9
10
11
13
15
16
28
1
2
3
4
7
8
9
10
11
12
13
14
15
16
17
18
20
21
26
27
28
1
3
7
8
9
10
11
13
21
23
1
2
3
4
8
9
10
11
14
16
17
21
23
1
2
3
4
7
8
9
10
11
12
13
15
16
17
28
1
2
3
4
7
8
9
10
11
14
27
1
3
4
8
9
11
13
14
17
20
21
23
1
2
3
4
6
7
8
9
10
11
15
17
21
1
3
7
8
9
10
11
12
14
1
3
4
7
8
9
11
23
28
1
2
3
4
7
8
9
10
11
13
17
1
2
3
4
7
8
9
10
11
13
19
1
3
4
8
9
10
11
13
15
17
20
21
1
2
3
4
7
8
9
10
13
23
1
3
4
7
8
9
10
11
12
13
1
3
4
6
7
8
9
10
11
13
27
1
3
4
7
8
9
13
1
3
4
7
8
9
13
17
20
1
2
4
7
8
9
10
11
1
3
7
8
9
10
11
28
1
3
4
7
8
9
10
11
12
16
20
1
3
7
8
9
11
13
14
16
17
26
1
2
3
7
8
9
10
11
15
17
18
1
2
4
7
8
9
13
1
3
7
8
9
10
11
13
19
20
1
3
4
6
8
9
10
11
13
17
21
1
3
4
7
8
9
10
11
12
13
15
23
1
2
3
4
7
8
9
10
1
3
4
7
8
9
10
11
13
1
3
4
8
13
27
1
3
4
7
8
9
11
13
1
3
4
7
8
9
10
13
17
20
1
2
3
4
7
8
9
10
11
13
28
